[audio]

master=-6.3751755
sfx=0.0
music=0.0
drill=-3.7417328
